TX: 16:38:20	7E A0 07 03 41 93 5A 64 7E
RX: 16:38:20	7E A0 1E 41 03 73 8E 7F 81 80 12 05 01 80 06 01 3E 07 04 00 00 00 01 08 04 00 00 00 01 07 22 7E
TX: 16:38:20	7E A0 44 03 41 10 B3 E1 E6 E6 00 60 36 A1 09 06 07 60 85 74 05 08 01 02 8A 02 07 80 8B 07 60 85 74 05 08 02 01 AC 0A 80 08 30 30 30 30 30 30 30 30 BE 10 04 0E 01 00 00 00 06 5F 1F 04 00 1C 03 20 FF FF 0B 87 7E
RX: 16:38:20	7E A0 37 41 03 30 21 79 E6 E7 00 61 28 A1 09 06 07 60 85 74 05 08 01 02 A2 03 02 01 00 A3 05 A1 03 02 01 00 BE 0F 04 0D 08 00 06 5F 1F 04 00 18 02 20 09 60 FA 00 0A A8 7E
TX: 16:38:20	7E A0 11 03 41 32 E2 58 E6 E6 00 05 01 02 FA 08 18 9E 7E
RX: 16:38:20	7E A8 5B 41 03 52 C5 6D E6 E7 00 0C 01 00 01 82 01 14 02 04 10 00 10 12 27 30 11 01 09 06 00 00 F0 0D 00 FF 02 04 10 01 18 12 27 12 11 08 09 06 00 00 F0 00 00 FF 02 04 10 01 88 12 27 60 11 04 09 06 00 00 F0 0F FF FF 02 04 10 04 48 12 00 03 11 00 09 06 00 00 61 61 00 FF EF DA 7E
TX: 16:38:20	7E A0 07 03 41 51 44 81 7E
RX: 16:38:20	7E A8 51 41 03 54 5D D4 02 04 10 48 A0 12 00 03 11 00 09 06 00 00 60 F0 0C FF 02 04 10 2B C0 12 00 08 11 00 09 06 00 00 01 00 00 FF 02 04 10 04 E8 12 00 01 11 00 09 06 01 00 00 02 08 FF 02 04 10 C7 38 12 00 14 11 00 09 06 00 00 0D 00 00 FF C8 CD 7E
TX: 16:38:20	7E A0 07 03 41 71 46 A0 7E
RX: 16:38:20	7E A8 51 41 03 56 4F F7 02 04 10 C8 00 12 00 0B 11 00 09 06 00 00 0B 00 00 FF 02 04 10 05 58 12 00 03 11 00 09 06 01 00 00 02 07 FF 02 04 10 05 C0 12 00 03 11 00 09 06 00 00 60 02 07 FF 02 04 10 06 28 12 00 01 11 00 09 06 00 00 F0 13 01 FF 27 65 7E
TX: 16:38:20	7E A0 07 03 41 91 48 47 7E
RX: 16:38:21	7E A8 51 41 03 58 31 1E 02 04 10 06 58 12 00 13 11 00 09 06 00 00 14 00 00 FF 02 04 10 06 D8 12 00 13 11 00 09 06 00 00 14 00 01 FF 02 04 10 07 58 12 00 17 11 00 09 06 00 00 16 00 00 FF 02 04 10 07 C0 12 00 17 11 00 09 06 00 01 16 00 00 FF 38 1C 7E
TX: 16:38:21	7E A0 07 03 41 B1 4A 66 7E
RX: 16:38:21	7E A8 51 41 03 5A 23 3D 02 04 10 08 28 12 27 1E 11 01 09 06 00 00 60 06 03 FF 02 04 10 FA 00 12 00 0C 11 00 09 06 00 00 28 00 00 FF 02 04 10 08 70 12 27 21 11 0A 09 06 00 00 F0 0A 00 FF 02 04 10 09 10 12 27 24 11 03 09 06 00 00 F0 0C 00 FF D7 0E 7E
TX: 16:38:21	7E A0 07 03 41 D1 4C 05 7E
RX: 16:38:21	7E A8 51 41 03 5C 15 58 02 04 10 09 30 12 27 22 11 00 09 06 00 00 F0 03 00 FF 02 04 10 67 20 12 27 74 11 07 09 06 00 00 F0 01 00 FF 02 04 10 FC 00 12 00 11 11 00 09 06 00 00 29 00 00 FF 02 04 10 09 50 12 27 38 11 06 09 06 00 00 F0 07 00 FF FB BE 7E
TX: 16:38:21	7E A0 07 03 41 F1 4E 24 7E
RX: 16:38:21	7E A8 51 41 03 5E 07 7B 02 04 10 C6 70 12 00 16 11 00 09 06 00 00 0F 00 00 FF 02 04 10 09 78 12 00 03 11 00 09 06 00 00 60 5A 02 FF 02 04 10 09 E0 12 00 03 11 00 09 06 00 01 60 F0 08 FF 02 04 10 C0 F8 12 00 03 11 00 09 06 00 02 60 F0 09 FF 6B 16 7E
TX: 16:38:21	7E A0 07 03 41 11 40 C3 7E
RX: 16:38:21	7E A8 51 41 03 50 79 92 02 04 10 C1 C0 12 00 03 11 00 09 06 00 02 60 F0 08 FF 02 04 10 0A 48 12 29 A4 11 01 09 06 00 00 60 32 00 FF 02 04 10 60 E0 12 00 07 11 01 09 06 01 00 63 62 00 FF 02 04 10 62 70 12 00 07 11 01 09 06 01 00 63 01 00 FF ED C5 7E
TX: 16:38:21	7E A0 07 03 41 31 42 E2 7E
RX: 16:38:21	7E A8 51 41 03 52 6B B1 02 04 10 64 00 12 00 07 11 01 09 06 00 00 62 01 00 7E 02 04 10 0A A8 12 00 07 11 01 09 06 01 00 63 02 00 FF 02 04 10 0B B0 12 00 03 11 00 09 06 01 01 01 08 01 FF 02 04 10 0C 58 12 00 03 11 00 09 06 01 01 02 08 01 FF 6A D3 7E
TX: 16:38:21	7E A0 07 03 41 51 44 81 7E
RX: 16:38:21	7E A8 51 41 03 54 5D D4 02 04 10 0D 00 12 00 03 11 00 09 06 01 01 03 08 01 FF 02 04 10 0D A8 12 00 03 11 00 09 06 01 01 04 08 01 FF 02 04 10 0E 50 12 00 03 11 00 09 06 01 01 01 09 02 FF 02 04 10 0E F8 12 00 03 11 00 09 06 01 01 02 09 02 FF 6D C6 7E
TX: 16:38:21	7E A0 07 03 41 71 46 A0 7E
RX: 16:38:21	7E A8 51 41 03 56 4F F7 02 04 10 0F A0 12 00 03 11 00 09 06 01 01 03 09 02 FF 02 04 10 10 48 12 00 03 11 00 09 06 01 01 85 09 02 FF 02 04 10 10 F0 12 00 03 11 00 09 06 00 00 7F 00 00 00 02 04 10 11 98 12 00 03 11 00 09 06 00 00 7F 00 00 00 AF 00 7E
TX: 16:38:21	7E A0 07 03 41 91 48 47 7E
RX: 16:38:21	7E A8 51 41 03 58 31 1E 02 04 10 12 40 12 00 03 11 00 09 06 00 00 7F 00 00 00 02 04 10 12 E8 12 00 03 11 00 09 06 00 00 7F 00 00 00 02 04 10 13 90 12 00 03 11 00 09 06 00 00 7F 00 00 00 02 04 10 14 38 12 00 03 11 00 09 06 00 00 7F 00 00 00 39 04 7E
TX: 16:38:21	7E A0 07 03 41 B1 4A 66 7E
RX: 16:38:21	7E A8 51 41 03 5A 23 3D 02 04 10 14 E0 12 00 03 11 00 09 06 00 00 7F 00 00 00 02 04 10 15 88 12 00 03 11 00 09 06 00 00 7F 00 00 00 02 04 10 16 30 12 00 03 11 00 09 06 00 00 7F 00 00 00 02 04 10 16 D8 12 00 03 11 00 09 06 00 00 7F 00 00 00 4A 08 7E
TX: 16:38:21	7E A0 07 03 41 D1 4C 05 7E
RX: 16:38:21	7E A8 51 41 03 5C 15 58 02 04 10 17 80 12 00 03 11 00 09 06 00 00 7F 00 00 00 02 04 10 18 28 12 00 03 11 00 09 06 00 00 7F 00 00 00 02 04 10 18 D0 12 00 03 11 00 09 06 00 00 7F 00 00 00 02 04 10 19 78 12 00 03 11 00 09 06 00 00 7F 00 00 00 7C 8D 7E
TX: 16:38:21	7E A0 07 03 41 F1 4E 24 7E
RX: 16:38:21	7E A8 51 41 03 5E 07 7B 02 04 10 1A 20 12 00 03 11 00 09 06 00 00 7F 00 00 00 02 04 10 1A C8 12 00 03 11 00 09 06 00 00 7F 00 00 00 02 04 10 1B 70 12 00 03 11 00 09 06 00 00 7F 00 00 00 02 04 10 1C 18 12 00 03 11 00 09 06 00 00 7F 00 00 00 3A 3C 7E
TX: 16:38:21	7E A0 07 03 41 11 40 C3 7E
RX: 16:38:21	7E A8 51 41 03 50 79 92 02 04 10 1F A0 12 00 03 11 00 09 06 00 00 7F 00 00 00 02 04 10 20 48 12 00 03 11 00 09 06 00 00 7F 00 00 00 02 04 10 20 F0 12 00 03 11 00 09 06 00 00 7F 00 00 00 02 04 10 21 98 12 00 03 11 00 09 06 00 00 7F 00 00 00 72 0A 7E
TX: 16:38:21	7E A0 07 03 41 31 42 E2 7E
RX: 16:38:21	7E A8 51 41 03 52 6B B1 02 04 10 22 40 12 00 03 11 00 09 06 00 00 7F 00 00 00 02 04 10 22 E8 12 00 03 11 00 09 06 00 00 7F 00 00 00 02 04 10 1C E0 12 00 03 11 00 09 06 01 01 02 08 00 FF 02 04 10 1D 98 12 00 03 11 00 09 06 01 01 03 08 00 FF CC 1C 7E
TX: 16:38:21	7E A0 07 03 41 51 44 81 7E
RX: 16:38:21	7E A8 51 41 03 54 5D D4 02 04 10 1E 40 12 00 03 11 00 09 06 01 01 04 08 00 FF 02 04 10 1E F8 12 00 03 11 00 09 06 00 00 7F 00 00 00 02 04 10 23 90 12 00 03 11 00 09 06 00 00 7F 00 00 00 02 04 10 24 38 12 00 03 11 00 09 06 00 00 7F 00 00 00 5C B5 7E
TX: 16:38:21	7E A0 07 03 41 71 46 A0 7E
RX: 16:38:21	7E A8 51 41 03 56 4F F7 02 04 10 24 E0 12 00 03 11 00 09 06 01 01 01 08 00 FF 02 04 10 25 88 12 00 03 11 00 09 06 01 01 09 08 00 FF 02 04 10 26 30 12 00 03 11 00 09 06 00 00 7F 00 00 00 02 04 10 26 D8 12 00 03 11 00 09 06 00 00 7F 00 00 00 2F 63 7E
TX: 16:38:21	7E A0 07 03 41 91 48 47 7E
RX: 16:38:21	7E A8 51 41 03 58 31 1E 02 04 10 27 80 12 00 03 11 00 09 06 00 00 7F 00 00 00 02 04 10 28 28 12 00 03 11 00 09 06 00 00 7F 00 00 00 02 04 10 28 D0 12 00 03 11 00 09 06 01 00 01 08 80 FF 02 04 10 29 78 12 00 03 11 00 09 06 01 00 02 08 80 FF 07 3F 7E
TX: 16:38:21	7E A0 07 03 41 B1 4A 66 7E
RX: 16:38:21	7E A8 51 41 03 5A 23 3D 02 04 10 2A 20 12 00 03 11 00 09 06 01 01 53 08 03 FF 02 04 10 2A C8 12 00 03 11 00 09 06 01 01 53 08 06 FF 02 04 10 2C B0 12 00 03 11 00 09 06 01 01 53 08 14 FF 02 04 10 2D 58 12 00 03 11 00 09 06 01 01 53 08 13 FF B8 FC 7E
TX: 16:38:21	7E A0 07 03 41 D1 4C 05 7E
RX: 16:38:21	7E A8 51 41 03 5C 15 58 02 04 10 2E 00 12 00 03 11 00 09 06 01 01 01 08 00 FF 02 04 10 2E A8 12 00 03 11 00 09 06 01 01 02 08 00 FF 02 04 10 2F 50 12 00 03 11 00 09 06 01 01 03 08 00 FF 02 04 10 2F F8 12 00 03 11 00 09 06 01 01 85 08 00 FF C6 62 7E
TX: 16:38:21	7E A0 07 03 41 F1 4E 24 7E
RX: 16:38:21	7E A8 51 41 03 5E 07 7B 02 04 10 30 A0 12 00 03 11 00 09 06 00 00 7F 00 00 00 02 04 10 31 48 12 00 03 11 00 09 06 00 00 7F 00 00 00 02 04 10 31 F0 12 00 03 11 00 09 06 00 00 7F 00 00 00 02 04 10 32 98 12 00 03 11 00 09 06 00 00 7F 00 00 00 BA E0 7E
TX: 16:38:21	7E A0 07 03 41 11 40 C3 7E
RX: 16:38:22	7E A8 51 41 03 50 79 92 02 04 10 33 40 12 00 03 11 00 09 06 00 00 7F 00 00 00 02 04 10 59 A0 12 00 01 11 00 09 06 01 00 00 00 00 FF 02 04 10 59 D8 12 00 01 11 00 09 06 01 00 00 00 01 FF 02 04 10 5A 10 12 00 01 11 00 09 06 01 00 00 00 02 FF EB 32 7E
TX: 16:38:22	7E A0 07 03 41 31 42 E2 7E
RX: 16:38:22	7E A8 51 41 03 52 6B B1 02 04 10 5A 48 12 00 01 11 00 09 06 01 00 00 00 03 FF 02 04 10 5A 80 12 00 01 11 00 09 06 00 00 60 01 00 FF 02 04 10 5A B8 12 00 01 11 00 09 06 00 00 60 01 01 FF 02 04 10 5A F0 12 00 03 11 00 09 06 00 00 60 02 01 FF 17 81 7E
TX: 16:38:22	7E A0 07 03 41 51 44 81 7E
RX: 16:38:22	7E A8 51 41 03 54 5D D4 02 04 10 5B 58 12 00 03 11 00 09 06 00 01 60 02 05 FF 02 04 10 5C 28 12 00 01 11 00 09 06 00 00 60 F0 00 FF 02 04 10 FF 00 12 00 01 11 00 09 06 01 00 00 02 00 FF 02 04 10 39 D0 12 00 01 11 00 09 06 01 00 00 02 01 FF A3 AD 7E
TX: 16:38:22	7E A0 07 03 41 71 46 A0 7E
RX: 16:38:22	7E A8 51 41 03 56 4F F7 02 04 10 38 40 12 00 01 11 00 09 06 00 00 60 5A FF FF 02 04 10 FD 00 12 00 01 11 00 09 06 00 00 2A 00 00 FF 02 04 10 5C 98 12 00 01 11 00 09 06 00 00 60 63 08 FF 02 04 10 5C D0 12 00 01 11 00 09 06 01 00 00 02 04 FF 3F B7 7E
TX: 16:38:22	7E A0 07 03 41 91 48 47 7E
RX: 16:38:22	7E A8 51 41 03 58 31 1E 02 04 10 5D 08 12 00 01 11 00 09 06 00 00 60 5A 01 FF 02 04 10 5D 40 12 00 01 11 00 09 06 01 00 00 01 02 FF 02 04 10 5D 78 12 00 03 11 00 09 06 01 01 00 03 00 FF 02 04 10 5D E0 12 00 03 11 00 09 06 01 01 00 03 01 FF 04 B5 7E
TX: 16:38:22	7E A0 07 03 41 B1 4A 66 7E
RX: 16:38:22	7E A8 51 41 03 5A 23 3D 02 04 10 5E B0 12 00 03 11 00 09 06 01 01 00 04 01 FF 02 04 10 5F 18 12 00 03 11 00 09 06 01 01 00 04 02 FF 02 04 10 5F 80 12 00 03 11 00 09 06 01 01 00 04 03 FF 02 04 10 5F E8 12 00 03 11 00 09 06 01 00 00 03 06 FF 3F 29 7E
TX: 16:38:22	7E A0 07 03 41 D1 4C 05 7E
RX: 16:38:22	7E A8 51 41 03 5C 15 58 02 04 10 60 50 12 00 03 11 00 09 06 01 00 00 03 07 FF 02 04 10 67 B0 12 00 03 11 00 09 06 01 01 48 05 00 FF 02 04 10 68 18 12 00 03 11 00 09 06 01 01 34 05 00 FF 02 04 10 68 80 12 00 03 11 00 09 06 01 01 20 05 00 FF 56 26 7E
TX: 16:38:22	7E A0 07 03 41 F1 4E 24 7E
RX: 16:38:22	7E A8 51 41 03 5E 07 7B 02 04 10 68 E8 12 00 15 11 00 09 06 01 01 20 23 00 FF 02 04 10 69 68 12 00 15 11 00 09 06 01 01 34 23 00 FF 02 04 10 69 E8 12 00 15 11 00 09 06 01 01 48 23 00 FF 02 04 10 6A 68 12 00 15 11 00 09 06 01 01 20 1F 00 FF 43 62 7E
TX: 16:38:22	7E A0 07 03 41 11 40 C3 7E
RX: 16:38:22	7E A8 51 41 03 50 79 92 02 04 10 6A E8 12 00 15 11 00 09 06 01 01 34 1F 00 FF 02 04 10 6B 68 12 00 15 11 00 09 06 01 01 48 1F 00 FF 02 04 10 6B E8 12 00 15 11 00 09 06 01 01 1F 23 00 FF 02 04 10 6C 68 12 00 15 11 00 09 06 01 01 33 23 00 FF 6B E6 7E
TX: 16:38:22	7E A0 07 03 41 31 42 E2 7E
RX: 16:38:22	7E A8 51 41 03 52 6B B1 02 04 10 6C E8 12 00 15 11 00 09 06 01 01 47 23 00 FF 02 04 10 6D 68 12 00 15 11 00 09 06 01 01 5B 23 00 FF 02 04 10 7D E8 12 00 04 11 00 09 06 00 00 7F 00 00 00 02 04 10 7E 78 12 00 04 11 00 09 06 00 00 7F 00 00 00 C4 14 7E
TX: 16:38:22	7E A0 07 03 41 51 44 81 7E
RX: 16:38:22	7E A8 51 41 03 54 5D D4 02 04 10 7F 08 12 00 04 11 00 09 06 00 00 7F 00 00 00 02 04 10 7F 98 12 00 04 11 00 09 06 00 00 7F 00 00 00 02 04 10 80 28 12 00 04 11 00 09 06 00 00 7F 00 00 00 02 04 10 80 B8 12 00 04 11 00 09 06 00 00 7F 00 00 00 6E 4A 7E
TX: 16:38:22	7E A0 07 03 41 71 46 A0 7E
RX: 16:38:22	7E A8 51 41 03 56 4F F7 02 04 10 81 48 12 00 04 11 00 09 06 00 00 7F 00 00 00 02 04 10 81 D8 12 00 04 11 00 09 06 00 00 7F 00 00 00 02 04 10 82 68 12 00 04 11 00 09 06 00 00 7F 00 00 00 02 04 10 82 F8 12 00 04 11 00 09 06 00 00 7F 00 00 00 23 7F 7E
TX: 16:38:22	7E A0 07 03 41 91 48 47 7E
RX: 16:38:22	7E A8 51 41 03 58 31 1E 02 04 10 83 88 12 00 04 11 00 09 06 00 00 7F 00 00 00 02 04 10 84 18 12 00 04 11 00 09 06 00 00 7F 00 00 00 02 04 10 84 A8 12 00 03 11 00 09 06 00 00 7F 00 00 00 02 04 10 85 10 12 00 03 11 00 09 06 00 00 7F 00 00 00 2D C9 7E
TX: 16:38:22	7E A0 07 03 41 B1 4A 66 7E
RX: 16:38:22	7E A8 51 41 03 5A 23 3D 02 04 10 85 78 12 00 03 11 00 09 06 00 00 7F 00 00 00 02 04 10 85 E0 12 00 03 11 00 09 06 00 00 7F 00 00 00 02 04 10 86 48 12 00 03 11 00 09 06 00 00 7F 00 00 00 02 04 10 86 B0 12 00 03 11 00 09 06 00 00 7F 00 00 00 92 C2 7E
TX: 16:38:22	7E A0 07 03 41 D1 4C 05 7E
RX: 16:38:22	7E A8 51 41 03 5C 15 58 02 04 10 87 18 12 00 03 11 00 09 06 00 00 7F 00 00 00 02 04 10 87 80 12 00 03 11 00 09 06 00 00 7F 00 00 00 02 04 10 87 E8 12 00 03 11 00 09 06 00 00 60 08 00 FF 02 04 10 FE 00 12 00 03 11 00 09 06 00 00 60 02 00 FF 8B 1E 7E
TX: 16:38:22	7E A0 07 03 41 F1 4E 24 7E
RX: 16:38:22	7E A8 51 41 03 5E 07 7B 02 04 10 88 B8 12 00 03 11 00 09 06 01 00 00 01 00 FF 02 04 10 89 F0 12 00 03 11 00 09 06 00 00 60 07 01 FF 02 04 10 8A 58 12 00 03 11 00 09 06 00 00 60 07 02 FF 02 04 10 8A C0 12 00 03 11 00 09 06 00 00 60 07 03 FF 2C 1D 7E
TX: 16:38:22	7E A0 07 03 41 11 40 C3 7E
RX: 16:38:22	7E A8 51 41 03 50 79 92 02 04 10 8B 28 12 00 03 11 00 09 06 00 00 60 07 00 FF 02 04 10 8B 90 12 00 03 11 00 09 06 00 00 60 06 00 FF 02 04 10 8B F8 12 27 1A 11 02 09 06 00 00 F0 0E 00 FF 02 04 10 8C 30 12 27 1A 11 02 09 06 00 00 F0 0E 10 FF 71 47 7E
TX: 16:38:22	7E A0 07 03 41 31 42 E2 7E
RX: 16:38:22	7E A8 51 41 03 52 6B B1 02 04 10 8C 68 12 27 1A 11 02 09 06 00 00 F0 0E 20 FF 02 04 10 8C A0 12 27 1A 11 02 09 06 00 00 F0 0E 21 FF 02 04 10 8C D8 12 27 1A 11 02 09 06 00 00 F0 0E 22 FF 02 04 10 8D 10 12 27 1A 11 02 09 06 00 00 F0 0E 23 FF 88 07 7E
TX: 16:38:22	7E A0 07 03 41 51 44 81 7E
RX: 16:38:22	7E A8 51 41 03 54 5D D4 02 04 10 8D 48 12 27 1A 11 02 09 06 00 00 F0 0E 24 FF 02 04 10 8D 80 12 27 1A 11 02 09 06 00 00 F0 0E 30 FF 02 04 10 8D B8 12 27 1B 11 02 09 06 00 00 F0 0E 31 FF 02 04 10 8D F0 12 27 43 11 02 09 06 00 00 F0 0E 32 FF 89 F1 7E
TX: 16:38:22	7E A0 07 03 41 71 46 A0 7E
RX: 16:38:22	7E A8 51 41 03 56 4F F7 02 04 10 8E 28 12 27 42 11 02 09 06 00 00 F0 0E 33 FF 02 04 10 8E 60 12 27 1A 11 02 09 06 00 00 F0 0E 25 FF 02 04 10 8E 98 12 27 1A 11 02 09 06 00 00 7F 00 00 00 02 04 10 8E D0 12 27 20 11 02 09 06 00 00 F0 0E 60 FF CB E3 7E
TX: 16:38:22	7E A0 07 03 41 91 48 47 7E
RX: 16:38:23	7E A8 51 41 03 58 31 1E 02 04 10 8F 80 12 00 03 11 00 09 06 00 00 60 04 00 FF 02 04 10 8F E8 12 00 03 11 00 09 06 00 00 60 05 00 FF 02 04 10 90 50 12 27 27 11 03 09 06 00 00 F0 05 01 FF 02 04 10 90 D0 12 27 27 11 03 09 06 00 00 F0 05 02 FF B2 20 7E
TX: 16:38:23	7E A0 07 03 41 B1 4A 66 7E
RX: 16:38:23	7E A8 51 41 03 5A 23 3D 02 04 10 92 50 12 27 27 11 03 09 06 00 00 F0 05 05 FF 02 04 10 92 D0 12 27 27 11 03 09 06 00 00 F0 05 06 FF 02 04 10 93 50 12 27 27 11 03 09 06 00 00 F0 05 07 FF 02 04 10 93 D0 12 27 27 11 03 09 06 00 00 F0 05 08 FF F6 69 7E
TX: 16:38:23	7E A0 07 03 41 D1 4C 05 7E
RX: 16:38:23	7E A8 51 41 03 5C 15 58 02 04 10 94 50 12 00 03 11 00 09 06 01 01 20 07 00 FF 02 04 10 94 E8 12 00 03 11 00 09 06 01 01 34 07 00 FF 02 04 10 95 80 12 00 03 11 00 09 06 01 01 48 07 00 FF 02 04 10 96 18 12 00 03 11 00 09 06 01 01 1F 07 00 FF CF B8 7E
TX: 16:38:23	7E A0 07 03 41 F1 4E 24 7E
RX: 16:38:23	7E A8 51 41 03 5E 07 7B 02 04 10 96 B0 12 00 03 11 00 09 06 01 01 33 07 00 FF 02 04 10 97 48 12 00 03 11 00 09 06 01 01 47 07 00 FF 02 04 10 97 E0 12 00 03 11 00 09 06 01 01 5B 07 00 FF 02 04 10 98 78 12 00 03 11 00 09 06 01 01 0E 07 00 FF 3D A6 7E
TX: 16:38:23	7E A0 07 03 41 11 40 C3 7E
RX: 16:38:23	7E A8 51 41 03 50 79 92 02 04 10 99 10 12 00 03 11 00 09 06 00 00 7F 00 00 00 02 04 10 99 A8 12 00 03 11 00 09 06 00 00 7F 00 00 00 02 04 10 9A 40 12 00 03 11 00 09 06 01 01 51 07 00 FF 02 04 10 9A D8 12 00 03 11 00 09 06 01 01 51 07 01 FF CD 67 7E
TX: 16:38:23	7E A0 07 03 41 31 42 E2 7E
RX: 16:38:23	7E A8 51 41 03 52 6B B1 02 04 10 9B 70 12 00 03 11 00 09 06 01 01 51 07 02 FF 02 04 10 9C 08 12 00 03 11 00 09 06 01 01 51 07 04 FF 02 04 10 9C A0 12 00 03 11 00 09 06 01 01 51 07 05 FF 02 04 10 9D 38 12 00 03 11 00 09 06 01 01 51 07 06 FF D3 36 7E
TX: 16:38:23	7E A0 07 03 41 51 44 81 7E
RX: 16:38:23	7E A8 51 41 03 54 5D D4 02 04 10 9D D0 12 00 03 11 00 09 06 01 01 0D 07 00 FF 02 04 10 9E 68 12 00 03 11 00 09 06 01 01 21 07 00 FF 02 04 10 9F 00 12 00 03 11 00 09 06 01 01 35 07 00 FF 02 04 10 9F 98 12 00 03 11 00 09 06 01 01 49 07 00 FF BD 5D 7E
TX: 16:38:23	7E A0 07 03 41 71 46 A0 7E
RX: 16:38:23	7E A8 51 41 03 56 4F F7 02 04 10 A0 30 12 00 03 11 00 09 06 01 00 0F 07 7F FF 02 04 10 A0 C8 12 00 03 11 00 09 06 01 00 20 07 7E FF 02 04 10 A1 60 12 00 03 11 00 09 06 01 00 34 07 7E FF 02 04 10 A1 F8 12 00 03 11 00 09 06 01 00 48 07 7E FF 5B 05 7E
TX: 16:38:23	7E A0 07 03 41 91 48 47 7E
RX: 16:38:23	7E A8 51 41 03 58 31 1E 02 04 10 A2 90 12 00 03 11 00 09 06 01 00 0C 07 7F FF 02 04 10 A3 28 12 00 03 11 00 09 06 01 00 1F 07 7E FF 02 04 10 A3 C0 12 00 03 11 00 09 06 01 00 33 07 7E FF 02 04 10 A4 58 12 00 03 11 00 09 06 01 00 47 07 7E FF 52 AA 7E
TX: 16:38:23	7E A0 07 03 41 B1 4A 66 7E
RX: 16:38:23	7E A8 51 41 03 5A 23 3D 02 04 10 A4 F0 12 00 03 11 00 09 06 01 00 0B 07 7F FF 02 04 10 AA E0 12 00 03 11 00 09 06 01 04 20 07 00 FF 02 04 10 AB 78 12 00 03 11 00 09 06 01 04 34 07 00 FF 02 04 10 AC 10 12 00 03 11 00 09 06 01 04 48 07 00 FF CD AC 7E
TX: 16:38:23	7E A0 07 03 41 D1 4C 05 7E
RX: 16:38:23	7E A8 51 41 03 5C 15 58 02 04 10 AC A8 12 00 03 11 00 09 06 01 04 1F 07 00 FF 02 04 10 AD 40 12 00 03 11 00 09 06 01 04 33 07 00 FF 02 04 10 AD D8 12 00 03 11 00 09 06 01 04 47 07 00 FF 02 04 10 AE 70 12 00 03 11 00 09 06 01 04 24 07 00 FF 72 E6 7E
TX: 16:38:23	7E A0 07 03 41 F1 4E 24 7E
RX: 16:38:23	7E A8 51 41 03 5E 07 7B 02 04 10 AF 08 12 00 03 11 00 09 06 01 04 38 07 00 FF 02 04 10 AF A0 12 00 03 11 00 09 06 01 04 4C 07 00 FF 02 04 10 B0 38 12 00 03 11 00 09 06 01 04 10 07 00 FF 02 04 10 B0 D0 12 00 03 11 00 09 06 01 04 97 07 00 FF 57 5C 7E
TX: 16:38:23	7E A0 07 03 41 11 40 C3 7E
RX: 16:38:23	7E A8 51 41 03 50 79 92 02 04 10 B1 68 12 00 03 11 00 09 06 01 04 AB 07 00 FF 02 04 10 B2 00 12 00 03 11 00 09 06 01 04 BF 07 00 FF 02 04 10 B2 98 12 00 03 11 00 09 06 01 04 83 07 00 FF 02 04 10 B3 30 12 00 03 11 00 09 06 01 04 5B 07 00 FF AF 8F 7E
TX: 16:38:23	7E A0 07 03 41 31 42 E2 7E
RX: 16:38:23	7E A8 51 41 03 52 6B B1 02 04 10 B5 90 12 00 03 11 00 09 06 00 00 7F 00 00 00 02 04 10 B6 28 12 00 03 11 00 09 06 00 00 7F 00 00 00 02 04 10 B6 C0 12 00 03 11 00 09 06 00 00 7F 00 00 00 02 04 10 B7 58 12 00 03 11 00 09 06 00 00 7F 00 00 00 10 64 7E
TX: 16:38:23	7E A0 07 03 41 51 44 81 7E
RX: 16:38:23	7E A8 51 41 03 54 5D D4 02 04 10 B7 F0 12 00 03 11 00 09 06 00 00 7F 00 00 00 02 04 10 B8 88 12 00 03 11 00 09 06 00 00 7F 00 00 00 02 04 10 BB 30 12 27 29 11 02 09 06 00 00 60 03 01 FF 02 04 10 BB 78 12 27 29 11 02 09 06 00 00 60 03 02 FF F6 84 7E
TX: 16:38:23	7E A0 07 03 41 71 46 A0 7E
RX: 16:38:23	7E A8 51 41 03 56 4F F7 02 04 10 BB C0 12 27 29 11 02 09 06 00 00 7F 00 00 00 02 04 10 BC 08 12 27 29 11 02 09 06 00 01 60 03 04 FF 02 04 10 BC 50 12 27 29 11 02 09 06 00 00 7F 00 00 00 02 04 10 BC 98 12 27 29 11 02 09 06 01 00 60 0A 02 FF 1A 28 7E
TX: 16:38:23	7E A0 07 03 41 91 48 47 7E
RX: 16:38:23	7E A8 51 41 03 58 31 1E 02 04 10 BC E0 12 27 29 11 02 09 06 01 00 60 0A 03 FF 02 04 10 4E 20 12 27 25 11 02 09 06 00 00 F0 09 00 FF 02 04 10 BD 28 12 27 26 11 01 09 06 00 00 F0 08 00 FF 02 04 10 BD 68 12 27 26 11 01 09 06 00 00 F0 08 01 FF 19 AE 7E
TX: 16:38:23	7E A0 07 03 41 B1 4A 66 7E
RX: 16:38:23	7E A8 51 41 03 5A 23 3D 02 04 10 BD A8 12 27 26 11 01 09 06 00 00 F0 08 02 FF 02 04 10 BD E8 12 27 26 11 01 09 06 00 00 F0 08 03 FF 02 04 10 BE 28 12 27 26 11 01 09 06 00 00 F0 08 04 FF 02 04 10 BE 68 12 27 26 11 01 09 06 00 00 F0 08 05 FF B7 AC 7E
TX: 16:38:23	7E A0 07 03 41 D1 4C 05 7E
RX: 16:38:23	7E A8 51 41 03 5C 15 58 02 04 10 BE A8 12 27 26 11 01 09 06 00 00 F0 08 06 FF 02 04 10 BE E8 12 27 26 11 01 09 06 00 00 F0 08 07 FF 02 04 10 BF 28 12 27 26 11 01 09 06 00 00 F0 08 08 FF 02 04 10 BF 68 12 27 26 11 01 09 06 00 00 F0 08 09 FF 4D 55 7E
TX: 16:38:23	7E A0 07 03 41 F1 4E 24 7E
RX: 16:38:23	7E A8 51 41 03 5E 07 7B 02 04 10 BF A8 12 27 26 11 01 09 06 00 00 F0 08 0A FF 02 04 10 BF E8 12 27 26 11 01 09 06 00 00 F0 08 0B FF 02 04 10 C0 28 12 27 26 11 01 09 06 00 00 F0 08 0C FF 02 04 10 C0 68 12 27 26 11 01 09 06 00 00 F0 08 0D FF 62 98 7E
TX: 16:38:23	7E A0 07 03 41 11 40 C3 7E
RX: 16:38:24	7E A8 51 41 03 50 79 92 02 04 10 C0 A8 12 27 26 11 01 09 06 00 00 F0 08 0E FF 02 04 10 C1 60 12 27 26 11 01 09 06 00 00 F0 08 0F FF 02 04 10 C8 58 12 00 07 11 01 09 06 00 00 7F 00 00 00 02 04 10 C9 60 12 00 07 11 01 09 06 00 00 7F 00 00 00 74 AB 7E
TX: 16:38:24	7E A0 07 03 41 31 42 E2 7E
RX: 16:38:24	7E A8 51 41 03 52 6B B1 02 04 10 CA 68 12 00 07 11 01 09 06 00 00 7F 00 00 00 02 04 10 CB 70 12 00 07 11 01 09 06 00 00 7F 00 00 00 02 04 10 CC 78 12 00 07 11 01 09 06 00 00 7F 00 00 00 02 04 10 CD 80 12 00 07 11 01 09 06 00 00 7F 00 00 00 78 64 7E
TX: 16:38:24	7E A0 07 03 41 51 44 81 7E
RX: 16:38:24	7E A8 51 41 03 54 5D D4 02 04 10 CE 88 12 00 07 11 01 09 06 00 00 7F 00 00 00 02 04 10 CF 90 12 00 07 11 01 09 06 00 00 7F 00 00 00 02 04 10 D0 98 12 00 07 11 01 09 06 00 00 7F 00 00 00 02 04 10 D1 A0 12 00 07 11 01 09 06 00 00 7F 00 00 00 2A 2B 7E
TX: 16:38:24	7E A0 07 03 41 71 46 A0 7E
RX: 16:38:24	7E A8 51 41 03 56 4F F7 02 04 10 D2 A8 12 00 07 11 01 09 06 00 00 7F 00 00 00 02 04 10 D3 B0 12 00 07 11 01 09 06 00 00 7F 00 00 00 02 04 10 D4 B8 12 00 07 11 01 09 06 00 00 7F 00 00 00 02 04 10 D5 C0 12 00 07 11 01 09 06 00 00 7F 00 00 00 2C BA 7E
TX: 16:38:24	7E A0 07 03 41 91 48 47 7E
RX: 16:38:24	7E A8 51 41 03 58 31 1E 02 04 10 D6 C8 12 00 07 11 01 09 06 00 00 7F 00 00 00 02 04 10 D7 D0 12 00 07 11 01 09 06 00 00 7F 00 00 00 02 04 10 D8 D8 12 00 07 11 01 09 06 00 00 7F 00 00 00 02 04 10 D9 E0 12 00 07 11 01 09 06 00 00 7F 00 00 00 60 92 7E
TX: 16:38:24	7E A0 07 03 41 B1 4A 66 7E
RX: 16:38:24	7E A0 51 41 03 5A 03 67 02 04 10 DB 30 12 27 35 11 00 09 06 00 00 7F 00 00 00 02 04 10 DB 78 12 27 35 11 00 09 06 00 00 7F 00 00 00 02 04 10 DB C0 12 27 36 11 00 09 06 00 00 7F 00 00 00 02 04 10 DB F8 12 27 36 11 00 09 06 00 00 7F 00 00 00 9C 13 7E
TX: 16:38:24	7E A8 44 03 41 D4 BB 3B E6 E6 00 05 81 9F 02 04 58 02 48 B0 02 05 68 02 05 D0 02 09 88 02 09 F0 02 C1 08 02 C1 D0 02 0B C0 02 0C 68 02 0D 10 02 0D B8 02 0E 60 02 0F 08 02 0F B0 02 10 58 02 11 00 02 11 24 7C 7E
RX: 16:38:24	7E A0 07 41 03 71 5E 66 7E
TX: 16:38:24	7E A8 47 03 41 D6 64 3D A8 02 12 50 02 12 F8 02 13 A0 02 14 48 02 14 F0 02 15 98 02 16 40 02 16 E8 02 17 90 02 18 38 02 18 E0 02 19 88 02 1A 30 02 1A D8 02 1B 80 02 1C 28 02 1F B0 02 20 58 02 21 00 02 21 A8 02 FE F3 7E
RX: 16:38:24	7E A0 07 41 03 91 50 81 7E
TX: 16:38:24	7E A8 47 03 41 D8 1A D4 22 50 02 22 F8 02 1C F0 02 1D A8 02 1E 50 02 1F 08 02 23 A0 02 24 48 02 24 F0 02 25 98 02 26 40 02 26 E8 02 27 90 02 28 38 02 28 E0 02 29 88 02 2A 30 02 2A D8 02 2C C0 02 2D 68 02 2E 10 AD 59 7E
RX: 16:38:24	7E A0 07 41 03 B1 52 A0 7E
TX: 16:38:24	7E A8 47 03 41 DA 08 F7 02 2E B8 02 2F 60 02 30 08 02 30 B0 02 31 58 02 32 00 02 32 A8 02 33 50 02 5B 00 02 5B 68 02 5D 88 02 5D F0 02 5E C0 02 5F 28 02 5F 90 02 5F F8 02 60 60 02 67 C0 02 68 28 02 68 90 02 7D 6F CD 7E
RX: 16:38:24	7E A0 07 41 03 D1 54 C3 7E
TX: 16:38:24	7E A8 47 03 41 DC 3E 92 F8 02 7E 88 02 7F 18 02 7F A8 02 80 38 02 80 C8 02 81 58 02 81 E8 02 82 78 02 83 08 02 83 98 02 84 28 02 84 B8 02 85 20 02 85 88 02 85 F0 02 86 58 02 86 C0 02 87 28 02 87 90 02 87 F8 02 F9 E1 7E
RX: 16:38:24	7E A0 07 41 03 F1 56 E2 7E
TX: 16:38:24	7E A8 47 03 41 DE 2C B1 FE 10 02 88 C8 02 8A 00 02 8A 68 02 8A D0 02 8B 38 02 8B A0 02 8F 90 02 8F F8 02 94 60 02 94 F8 02 95 90 02 96 28 02 96 C0 02 97 58 02 97 F0 02 98 88 02 99 20 02 99 B8 02 9A 50 02 9A E8 1C FB 7E
RX: 16:38:24	7E A0 07 41 03 11 58 05 7E
TX: 16:38:24	7E A8 47 03 41 D0 52 58 02 9B 80 02 9C 18 02 9C B0 02 9D 48 02 9D E0 02 9E 78 02 9F 10 02 9F A8 02 A0 40 02 A0 D8 02 A1 70 02 A2 08 02 A2 A0 02 A3 38 02 A3 D0 02 A4 68 02 A5 00 02 AA F0 02 AB 88 02 AC 20 02 AC A5 4D 7E
RX: 16:38:24	7E A0 07 41 03 31 5A 24 7E
TX: 16:38:24	7E A0 3D 03 41 D2 8B A7 B8 02 AD 50 02 AD E8 02 AE 80 02 AF 18 02 AF B0 02 B0 48 02 B0 E0 02 B1 78 02 B2 10 02 B2 A8 02 B3 40 02 B5 A0 02 B6 38 02 B6 D0 02 B7 68 02 B8 00 02 B8 98 70 C4 7E
